33333333333333333333333333333333
3p        1          2        T3
3    e    1          2    e    3
3  11T111    22T222       44T443
3         1          2         3
3         1          2         3
3  44T444      111111     222223
3      e  1          2  e      3
3         1          2         3
3         1          2         3
3   22T22      44444       11113
3   e     1          2     e   3
3         1          2         3
3         1          2         3
3 111111       33T333      44443
3         1          2         3
3    d    1    d     2    d    3
3         1          2         3
3                              3
3333333333333333333333333333g333
